daily_gold_price.csv_rows: 2227
error_percentage: 0.9505252571002145
inr_to_usd_exchange_rate.csv_rows: 2246
model_accuracy: 99.04947474289979
total_training_time: 5.883155584335327
