daily_gold_price.csv_rows: 2227
error_percentage: 0.9843496441195307
inr_to_usd_exchange_rate.csv_rows: 2246
model_accuracy: 99.01565035588047
num_cores_used: 2
total_training_time: 31.73520040512085
