error_percentage: 2.355968076028085
ev_dataset.csv_rows: 53
model_accuracy: 97.64403192397192
num_cores_used: 2
petrol_price.csv_rows: 58
total_training_time: 8.189646244049072
