error_percentage: 3.584241710329763
ev_dataset.csv_rows: 53
model_accuracy: 96.41575828967024
petrol_price.csv_rows: 58
total_training_time: 3.4963676929473877
