error_percentage: 2.213012475609045
model_accuracy: 97.78698752439095
num_cores_used: 2
total_training_time: 96.1390814781189
web_traffic.csv_rows: 2793
website_visitors.csv_rows: 127
