error_percentage: 1.9758603042993201
model_accuracy: 98.02413969570068
total_training_time: 64.2734227180481
web_traffic.csv_rows: 2793
website_visitors.csv_rows: 127
