electricity.csv_rows: 24000
error_percentage: 3.531571943424352
model_accuracy: 96.46842805657565
num_cores_used: 6
total_training_time: 9.435792446136475
weather.csv_rows: 1000
