error_percentage: 1.7212294811495972
ev_dataset.csv_rows: 53
model_accuracy: 98.2787705188504
num_cores_used: 6
petrol_price.csv_rows: 58
total_training_time: 2.2200210094451904
