error_percentage: 1.313963115201289
gas_production.csv_rows: 120
model_accuracy: 98.68603688479871
natural_gas_price.csv_rows: 2642
num_cores_used: 6
total_training_time: 36.89521360397339
