error_percentage: 1.9471539924182146
model_accuracy: 98.05284600758178
num_cores_used: 6
nyc_trip.csv_rows: 651
nyc_weather.csv_rows: 794
total_training_time: 10.490073919296265
